Movie Report
-------------
FrameFrame #    Frame Bytes    Total Bytes    Page
------------    -----------    -----------    ---------------
    1          3551           3551        Scene 1
    2             2           3553          2
    3          5092           8645          3
    4            14           8659          4
    5             2           8661          5
    6             2           8663          6
    7             2           8665          7
    8             2           8667          8
    9             2           8669          9
   10          1091           9760          10
   11            16           9776          11
   12            26           9802          12
   13            16           9818          13
   14            26           9844          14
   15            16           9860          15
   16         31147          41007          16
   17           159          41166          17
   18            44          41210          18
   19            34          41244          19
   20            34          41278          20
   21            34          41312          21
   22            34          41346          22
   23            34          41380          23
   24            34          41414          24
   25            34          41448          25
   26            34          41482          26
   27            34          41516          27
   28            44          41560          28
   29            23          41583          29
   30            23          41606          30
   31            23          41629          31
   32            23          41652          32
   33           160          41812          33
   34            38          41850          34
   35            38          41888          35
   36            33          41921          36
   37            27          41948          37
   38            27          41975          38
   39            27          42002          39
   40            27          42029          40
   41            27          42056          41
   42          2037          44093          42
   43             2          44095          43
   44             2          44097          44
   45             2          44099          45
   46             2          44101          46
   47             2          44103          47
   48             2          44105          48
   49             2          44107          49
   50           102          44209          50
   51            20          44229          51
   52            26          44255          52
   53            20          44275          53
   54            26          44301          54
   55            20          44321          55
   56            26          44347          56
   57            20          44367          57
   58            99          44466          58
   59           318          44784          59
   60            28          44812          60
   61            28          44840          61
   62            28          44868          62
   63            28          44896          63
   64            28          44924          64
   65            28          44952          65
   66            28          44980          66
   67           185          45165          67
   68            29          45194          68
   69            29          45223          69
   70            37          45260          70
   71            29          45289          71
   72            29          45318          72
   73            29          45347          73
   74            29          45376          74
   75            37          45413          75
   76            20          45433          76
   77            26          45459          77
   78            20          45479          78
   79            26          45505          79
   80            20          45525          80
   81            26          45551          81
   82            20          45571          82
   83           921          46492          83
   84             2          46494          84
   85             2          46496          85
   86             2          46498          86
   87         26161          72659          87
   88            13          72672          88
   89            13          72685          89
   90            13          72698          90
   91            13          72711          91
   92            13          72724          92
   93            13          72737          93
   94             8          72745          94
   95            10          72755          95
   96             2          72757          96
   97             2          72759          97
   98             2          72761          98
   99             2          72763          99
  100            39          72802          100
  101            20          72822          101
  102            26          72848          102
  103            20          72868          103
  104            26          72894          104
  105            20          72914          105
  106            26          72940          106
  107            20          72960          107
  108            90          73050          108
  109             2          73052          109
  110         11635          84687          110
  111            18          84705          111
  112            18          84723          112
  113            18          84741          113
  114            18          84759          114
  115            18          84777          115
  116            18          84795          116
  117            18          84813          117
  118            18          84831          118
  119             8          84839          119
  120            10          84849          120
  121             2          84851          121
  122             2          84853          122
  123             2          84855          123
  124             2          84857          124
  125            33          84890          125
  126            20          84910          126
  127            26          84936          127
  128            20          84956          128
  129            26          84982          129
  130            20          85002          130
  131            26          85028          131
  132            20          85048          132
  133          1046          86094          133
  134            18          86112          134
  135            18          86130          135
  136            18          86148          136
  137            18          86166          137
  138            18          86184          138
  139             8          86192          139
  140          7729          93921          140
  141           491          94412          141
  142             2          94414          142
  143             2          94416          143
  144             2          94418          144
  145            10          94428          145
  146             2          94430          146
  147             2          94432          147
  148             2          94434          148
  149             2          94436          149
  150            36          94472          150
  151            20          94492          151
  152            26          94518          152
  153            20          94538          153
  154            26          94564          154
  155            20          94584          155
  156            26          94610          156
  157            20          94630          157
  158            97          94727          158
  159             2          94729          159
  160           403          95132          160
  161            17          95149          161
  162            17          95166          162
  163            17          95183          163
  164            17          95200          164
  165            17          95217          165
  166            17          95234          166
  167            17          95251          167
  168           769          96020          168
  169             2          96022          169
  170            10          96032          170
  171             2          96034          171
  172             2          96036          172
  173             2          96038          173
  174             2          96040          174
  175            40          96080          175
  176            20          96100          176
  177            26          96126          177
  178            20          96146          178
  179           398          96544          179
  180            36          96580          180
  181            42          96622          181
  182            36          96658          182
  183           107          96765          183
  184            18          96783          184
  185            18          96801          185
  186            82          96883          186
  187             2          96885          187
  188             2          96887          188
  189             2          96889          189
  190             2          96891          190
  191             2          96893          191
  192             2          96895          192
  193             2          96897          193
  194             2          96899          194
  195            10          96909          195

Page                       Shape Bytes    Text Bytes
-----------------------    -----------    ----------
Scene 1                           0           894

Embedded Objects                422             0

Page                       Symbol Bytes    Text Bytes
-----------------------    ------------    ----------
pijlgfx                          53             0
pijl                              0             0
77                              113             0
pass gfx                        579             0
pass                              0             0
film                              0           315
mercie grap                     282             0
mercie                            0             0
mailer                            0           127
zenden                            0            88
trein-knop                        0             0
trteingraphic                  1563             0
treinregelingen                   0             0
kaartje2                          0             0
Symbol 31                         0             0
routier                           0           204
gratis symbol                   436             0
gratis!                           0             0
kost                              0           350
waarenwan                         0           254
dresscode                         0             0
50's graphic                    264             0
50's                              0             0
wit                              41             0
blank                            37             0
06 pelicule                       0           105
05 kostprijs                      0           108
04 inschrijven                    0           108
03. routier                       0            94
02 dresscode                      0           100
01 waar-wanneer                   0           112
ovaal                            90             0
kader                            43             0
affiche                           0             0
balkje                           41             0
passwordMC                        0           117
enter butt                        0            84
retrybut                         47            88
sound controller                  0             0
sound controls                    0            53
level slider                      0             0
slider base                     119             0
slider bar                       60             0
invisible button                 36             0
Zoomer                          165             0
Fader                           282             0

Bitmap                     Compressed    Compression
-----------------------    ----------  --------  -----------
vintage_dolls.jpg               6976      120120   JPEG Quality=80
map02_small.jpg                 3368       61600   map01_small.jpg                 5770       68640   =80
autoteefje.jpg                  7860      114000   =80
charleston.jpg                  3434       44376   =80
shake_1.jpg                     7603      101376   =80
shake_2.jpg                     7019       91760   =80
affiche.jpg                    31026      558080   =80

Event Sounds: 11KHz Mono 16 kbps MP3

Sound name                 Bytes        Format    
-----------------------    ---------    ----------
clickish-xrikazen-74.wav      847        11KHz Mono 16 kbps MP3


Sound name                 Bytes        Format    
-----------------------    ---------    ----------
TrekkerFrontier Bold         2457         !,-./0123469:BDLMPQUZ[]abcdefghijklmnoprstuvwxzé
_sans                          20        
TrekkerFrontier              2381         -.0123456789:B_acdefghiklmnoprstuvwxyz
